{
    "fiducials": [
        {
            "family": "apriltag3_36h11_classic",
            "id": 1,
            "size": 165.1,
            "transform": [
                -0.5877852522924729,
                -0.8090169943749473,
                0.0,
                7.923198000000001,
                0.8090169943749473,
                -0.5877852522924729,
                0.0,
                -3.3706799999999997,
                0.0,
                0.0,
                1.0,
                1.4859,
                0.0,
                0.0,
                0.0,
                1.0
            ],
            "unique": true
        },
        {
            "family": "apriltag3_36h11_classic",
            "id": 2,
            "size": 165.1,
            "transform": [
                -0.5877852522924734,
                0.8090169943749473,
                -0.0,
                7.923198000000001,
                -0.8090169943749473,
                -0.5877852522924734,
                0.0,
                3.3704799999999997,
                0.0,
                0.0,
                1.0,
                1.4859,
                0.0,
                0.0,
                0.0,
                1.0
            ],
            "unique": true
        },
        {
            "family": "apriltag3_36h11_classic",
            "id": 3,
            "size": 165.1,
            "transform": [
                0.057776265490871004,
                -0.9968334056489174,
                0.05463574405376749,
                -2.5060611540333344,
                0.9982766877620854,
                0.058249838761605055,
                0.0071141376853765745,
                -3.85968484234176,
                -0.01027413337892151,
                0.05413056129976315,
                0.9984810085908918,
                0.6409045833648293,
                0.0,
                0.0,
                0.0,
                1.0
            ],
            "unique": true
        },
        {
            "family": "apriltag3_36h11_classic",
            "id": 4,
            "size": 165.1,
            "transform": [
                0.8660254037844387,
                0.0,
                0.49999999999999994,
                0.5020799999999994,
                0.0,
                1.0,
                0.0,
                2.111656,
                -0.49999999999999994,
                0.0,
                0.8660254037844387,
                1.8679160000000001,
                0.0,
                0.0,
                0.0,
                1.0
            ],
            "unique": true
        },
        {
            "family": "apriltag3_36h11_classic",
            "id": 5,
            "size": 165.1,
            "transform": [
                0.8660254037844387,
                0.0,
                0.49999999999999994,
                0.5020799999999994,
                0.0,
                1.0,
                0.0,
                -2.1110939999999996,
                -0.49999999999999994,
                0.0,
                0.8660254037844387,
                1.8679160000000001,
                0.0,
                0.0,
                0.0,
                1.0
            ],
            "unique": true
        },
        {
            "family": "apriltag3_36h11_classic",
            "id": 6,
            "size": 165.1,
            "transform": [
                0.5000000000000001,
                0.8660254037844386,
                -0.0,
                4.700446000000001,
                -0.8660254037844386,
                0.5000000000000001,
                0.0,
                -0.7196820000000002,
                0.0,
                0.0,
                1.0,
                0.308102,
                0.0,
                0.0,
                0.0,
                1.0
            ],
            "unique": true
        },
        {
            "family": "apriltag3_36h11_classic",
            "id": 7,
            "size": 165.1,
            "transform": [
                1.0,
                0.0,
                0.0,
                5.116498,
                0.0,
                1.0,
                0.0,
                -9.999999999976694e-05,
                0.0,
                0.0,
                1.0,
                0.308102,
                0.0,
                0.0,
                0.0,
                1.0
            ],
            "unique": true
        },
        {
            "family": "apriltag3_36h11_classic",
            "id": 8,
            "size": 165.1,
            "transform": [
                0.5000000000000001,
                -0.8660254037844386,
                0.0,
                4.700446000000001,
                0.8660254037844386,
                0.5000000000000001,
                0.0,
                0.7194820000000002,
                0.0,
                0.0,
                1.0,
                0.308102,
                0.0,
                0.0,
                0.0,
                1.0
            ],
            "unique": true
        },
        {
            "family": "apriltag3_36h11_classic",
            "id": 9,
            "size": 165.1,
            "transform": [
                -0.4999999999999998,
                -0.8660254037844388,
                0.0,
                3.869358,
                0.8660254037844388,
                -0.4999999999999998,
                0.0,
                0.7194820000000002,
                0.0,
                0.0,
                1.0,
                0.308102,
                0.0,
                0.0,
                0.0,
                1.0
            ],
            "unique": true
        },
        {
            "family": "apriltag3_36h11_classic",
            "id": 10,
            "size": 165.1,
            "transform": [
                -1.0,
                -1.2246467991473532e-16,
                0.0,
                3.4533059999999995,
                1.2246467991473532e-16,
                -1.0,
                0.0,
                -9.999999999976694e-05,
                0.0,
                0.0,
                1.0,
                0.308102,
                0.0,
                0.0,
                0.0,
                1.0
            ],
            "unique": true
        },
        {
            "family": "apriltag3_36h11_classic",
            "id": 11,
            "size": 165.1,
            "transform": [
                -0.5000000000000002,
                0.8660254037844384,
                -0.0,
                3.869358,
                -0.8660254037844384,
                -0.5000000000000002,
                0.0,
                -0.7196820000000002,
                0.0,
                0.0,
                1.0,
                0.308102,
                0.0,
                0.0,
                0.0,
                1.0
            ],
            "unique": true
        },
        {
            "family": "apriltag3_36h11_classic",
            "id": 12,
            "size": 165.1,
            "transform": [
                0.6840661990755805,
                -0.7293505347894179,
                0.010061445456713483,
                -8.109001676667088,
                0.7289528336708987,
                0.6840566691885117,
                0.026348427313342068,
                -3.7474419196399738,
                -0.02609983841818745,
                -0.010689749347360644,
                0.9996021847182184,
                1.5458040553262071,
                0.0,
                0.0,
                0.0,
                1.0
            ],
            "unique": true
        },
        {
            "family": "apriltag3_36h11_classic",
            "id": 13,
            "size": 165.1,
            "transform": [
                0.587785252292473,
                0.8090169943749475,
                -0.0,
                -7.922845999999999,
                -0.8090169943749475,
                0.587785252292473,
                0.0,
                3.3704799999999997,
                0.0,
                0.0,
                1.0,
                1.4859,
                0.0,
                0.0,
                0.0,
                1.0
            ],
            "unique": true
        },
        {
            "family": "apriltag3_36h11_classic",
            "id": 14,
            "size": 165.1,
            "transform": [
                -0.8660254037844388,
                -1.2246467991473532e-16,
                -0.49999999999999994,
                -0.501728,
                1.0605752387249069e-16,
                -1.0,
                6.123233995736766e-17,
                2.111656,
                -0.49999999999999994,
                0.0,
                0.8660254037844387,
                1.8679160000000001,
                0.0,
                0.0,
                0.0,
                1.0
            ],
            "unique": true
        },
        {
            "family": "apriltag3_36h11_classic",
            "id": 15,
            "size": 165.1,
            "transform": [
                -0.8660254037844388,
                -1.2246467991473532e-16,
                -0.49999999999999994,
                -0.501728,
                1.0605752387249069e-16,
                -1.0,
                6.123233995736766e-17,
                -2.1110939999999996,
                -0.49999999999999994,
                0.0,
                0.8660254037844387,
                1.8679160000000001,
                0.0,
                0.0,
                0.0,
                1.0
            ],
            "unique": true
        },
        {
            "family": "apriltag3_36h11_classic",
            "id": 16,
            "size": 165.1,
            "transform": [
                -2.220446049250313e-16,
                -1.0000000000000002,
                0.0,
                -2.7864579999999997,
                1.0000000000000002,
                -2.220446049250313e-16,
                0.0,
                -4.0298099999999994,
                0.0,
                0.0,
                1.0,
                1.30175,
                0.0,
                0.0,
                0.0,
                1.0
            ],
            "unique": true
        },
        {
            "family": "apriltag3_36h11_classic",
            "id": 17,
            "size": 165.1,
            "transform": [
                -0.504814998668117,
                0.8631269390409589,
                -0.01317968973433276,
                -4.706580709112227,
                -0.8631631158825296,
                -0.5045319191672695,
                0.019924304789736915,
                -0.7519423126331546,
                0.010547630049992672,
                0.021434309953345856,
                0.9997146182071923,
                0.3338390616693835,
                0.0,
                0.0,
                0.0,
                1.0
            ],
            "unique": true
        },
        {
            "family": "apriltag3_36h11_classic",
            "id": 18,
            "size": 165.1,
            "transform": [
                -1.0,
                -1.2246467991473532e-16,
                0.0,
                -5.116399999999999,
                1.2246467991473532e-16,
                -1.0,
                0.0,
                -9.999999999976694e-05,
                0.0,
                0.0,
                1.0,
                0.308102,
                0.0,
                0.0,
                0.0,
                1.0
            ],
            "unique": true
        },
        {
            "family": "apriltag3_36h11_classic",
            "id": 19,
            "size": 165.1,
            "transform": [
                -0.07638854481877733,
                -0.9623041696971172,
                -0.2610277288029207,
                -4.743315858547615,
                0.9665085126160572,
                -0.0071363594121880425,
                -0.25653531416753617,
                0.896143262689824,
                0.24500221480869522,
                -0.27188188126074453,
                0.9306203078489919,
                0.2603110256251212,
                0.0,
                0.0,
                0.0,
                1.0
            ],
            "unique": true
        },
        {
            "family": "apriltag3_36h11_classic",
            "id": 20,
            "size": 165.1,
            "transform": [
                0.8041186755366965,
                -0.5461328430874489,
                -0.2348022004886871,
                -4.003289381586027,
                0.4987123527949765,
                0.8347094407728893,
                -0.23355114783342354,
                0.5022262953601615,
                0.3235415658347604,
                0.07070408181873702,
                0.9435686450870233,
                0.3651898329789645,
                0.0,
                0.0,
                0.0,
                1.0
            ],
            "unique": true
        },
        {
            "family": "apriltag3_36h11_classic",
            "id": 21,
            "size": 165.1,
            "transform": [
                0.9839506496771427,
                -0.17305226432611523,
                0.04352048726212908,
                -3.562639070297256,
                0.1691778409195381,
                0.982261367501239,
                0.08087931785320267,
                0.09651529661937097,
                -0.05674484242406748,
                -0.07221855527632963,
                0.9957733191505321,
                0.2618940675900373,
                0.0,
                0.0,
                0.0,
                1.0
            ],
            "unique": true
        },
        {
            "family": "apriltag3_36h11_classic",
            "id": 22,
            "size": 165.1,
            "transform": [
                0.5386776252513239,
                0.8421659911732364,
                0.02414248050211733,
                -3.867090990379194,
                -0.8425106337696384,
                0.5385065606239015,
                0.013657091568087663,
                -0.7379163548558698,
                -0.0014993460831426199,
                -0.027697066202347347,
                0.9996152382217399,
                0.3469531980243602,
                0.0,
                0.0,
                0.0,
                1.0
            ],
            "unique": true
        }
    ],
    "type": "frc"
}